318
334
353
357
357
354
363
366
379
390
401
417
444
475
504
522
537
536
554
571
591
599
599
614
616
626
622
626
630
644
646
659
664
690
703
713
717
725
736
744
752
751
762
774
800
815
824
825
827
828
829
818
809
805
813
826
834
845
848
860
882
923
955
966
953
933
923
923
939
956
968
988
1003
1021
1020
1023
1029
1032
1041
1047
1058
1054
1048
1025
1018
1015
1029
1016
1021
1023
1061
1086
1119
1136
1151
1170
1173
1177
1170
1168
1185
1205
1236
1246
1255
1262
1265
1265
1263
1263
1264
1265
1284
1301
1307
1297
1302
1301
1303
1294
1299
1287
1282
1282
1295
1305
1310
1321
1338
1363
1382
1398
1410
1406
1367
1332
1305
1316
1333
1357
1365
1363
1361
1374
1394
1414
1435
1450
1465
1470
1453
1440
1424
1445
1465
1485
1488
1479
1484
1489
1505
1510
1533
1554
1571
1577
1600
1623
1655
1677
1714
1735
1749
1753
1755
1775
1795
1820
1833
1846
1857
1863
1864
1865
1866
1871
1882
1885
1883
1888
1900
1921
1926
1931
1935
1955
2006
2039
2058
2049
2060
2086
2112
2140
2168
2193
2211
2214
2215
2218
2221
2224
2229
2235
2245
2249
2283
2320
2363
2380
2382
2423
2476
2546
2560
2564
2561
2572
2576
2582
2572
2556
2547
2558
2576
2587
2591
2595
2617
2631
2664
2670
2687
2684
2688
2669
2650
2639
2650
2671
2690
2709
2718
2688
2659
2627
2646
2662
2658
2642
2628
2629
2619
2613
2625
2657
2683
2685
2681
2685
2708
2740
2769
2795
2795
2776
2758
2749
2756
2751
2749
2752
2766
2776
2785
2795
2812
2822
2847
2863
2882
2877
2868
2878
2902
2941
2969
2994
3012
3023
3029
3053
3077
3107
3141
3174
3197
3197
3200
3204
3217
3247
3301
3340
3351
3342
3365
3399
3456
3486
3511
3508
3507
3508
3519
3532
3547
3558
3565
3577
3588
3600
3606
3613
3637
3676
3714
3734
3738
3766
3787
3814
3817
3848
3867
3904
3921
3926
3914
3915
3939
3920
3860
3795
3776
3791
3828
3878
3929
3958
3967
3969
3955
3953
3954
3966
3973
3983
3996
4004
4015
4063
4116
4163
4176
4191
4215
4244
4267
4277
4281
4284
4289
4292
4293
4272
4280
4290
4320
4339
4360
4385
4398
4418
4435
4450
4457
4468
4472
4476
4471
4514
4582
4670
4719
4742
4757
4769
4779
4781
4786
4798
4820
4840
4856
4867
4899
4933
4962
4966
4964
4959
4956
4956
4962
4968
4975
4992
5014
5048
5074
5092
5074
5022
4968
4935
4932
4940
4950
4959
4967
4977
4987
4995
5003
5020
5039
5067
5088
5106
5114
5124
5158
5201
5242
5258
5287
5303
5340
5354
5383
5419
5458
5471
5487
5500
5535
5539
5548
5559
5570
5579
5588
5591
5622
5654
5667
5651
5632
5641
5660
5664
5674
5666
5673
5668
5686
5720
5757
5786
5802
5825
5839
5867
5891
5915
5918
5927
5942
5975
5998
6016
6030
6057
6087
6108
6116
6121
6128
6144
6155
6163
6164
6170
6179
6189
6195
6191
6173
6160
6146
6150
6155
6173
6186
6190
6195
6192
6189
6181
6179
6187
6192
6224
6252
6313
6355
6397
6390
6376
6374
6390
6406
6410
6418
6425
6439
6455
6465
6472
6475
6485
6484
6485
6483
6484
6486
6490
6498
6498
6501
6506
6523
6542
6543
6543
6530
6539
6560
6590
6614
6623
6631
6643
6660
6673
6688
6694
6701
6725
6748
6799
6822
6846
6847
6846
6844
6850
6863
6876
6879
6878
6877
6876
6885
6901
6911
6919
6923
6931
6943
6946
6961
6969
6984
7010
7031
7053
7058
7055
7063
7081
7109
7124
7126
7137
7154
7160
7161
7157
7177
7202
7214
7212
7203
7202
7201
7200
7198
7215
7233
7267
7280
7290
7280
7279
7277
7284
7284
7281
7278
7275
7283
7291
7300
7304
7312
7331
7350
7365
7375
7382
7389
7390
7403
7429
7459
7481
7459
7448
7437
7457
7475
7498
7515
7516
7503
7514
7527
7573
7608
7644
7656
7663
7670
7681
7687
7680
7668
7660
7660
7666
7675
7688
7677
7659
7630
7622
7618
7625
7629
7648
7655
7662
7653
7659
7670
7677
7717
7738
7765
7753
7755
7759
7767
7772
7773
7780
7805
7831
7827
7811
7801
7811
7812
7817
7823
7814
7813
7792
7800
7786
7800
7813
7829
7845
7836
7815
7799
7802
7798
7785
7756
7744
7759
7787
7825
7837
7854
7873
7891
7917
7933
7935
7924
7919
7932
7945
7952
7959
7966
7974
7977
7980
7979
7987
8003
8033
8055
8072
8081
8088
8097
8099
8107
8112
8123
8115
8105
8100
8119
8140
8155
8159
8172
8201
8237
8271
8289
8291
8302
8315
8340
8342
8341
8340
8350
8360
8402
8440
8471
8471
8497
8548
8593
8613
8615
8623
8633
8660
8688
8714
8721
8732
8755
8781
8795
8816
8836
8859
8869
8887
8906
8904
8898
8892
8900
8917
8933
8959
8974
9005
9037
9068
9094
9125
9160
9184
9192
9195
9204
9195
9181
9175
9189
9208
9213
9216
9222
9228
9229
9235
9239
9244
9241
9240
9234
9223
9214
9222
9264
9301
9332
9347
9365
9381
9384
9392
9410
9428
9442
9438
9439
9442
9465
9490
9539
9590
9634
9651
9652
9670
9688
9712
9724
9736
9744
9748
9752
9754
9753
9753
9762
9773
9780
9775
9770
9768
9771
9774
9781
9822
9863
9903
9917
9943
9963
9976
9981
9997
10012
10024
10032
10033
10070
10103
10131
10125
10134
10143
10151
10144
10151
10157
10156
10156
10170
10188
10208
10214
10221
10224
10227
10232
10234
10235
10245
10275
10309
10338
10346
10351
10380
10431
10491
10531
10552
10566
10594
10630
10663
10675
10679
10683
10693
10703
10716
10717
10716
10715
10720
10733
10746
10764
10796
10828
10854
10861
10849
10828
10808
10805
10813
10828
10842
10858
10867
10881
10895
10904
10912
10916
10923
10937
10964
10991
11012
11014
11017
11017
11031
11047
11073
11088
11105
11108
11127
11146
11159
11175
11187
11211
11206
11200
11190
11183
11170
11157
11146
11137
11138
11164
11194
11209
11212
11221
11236
11236
11241
11250
11294
11329
11363
11379
11394
11405
11410
11422
11434
11442
11444
11441
11443
11443
11434
11418
11407
11410
11420
11403
11378
11352
11343
11342
11345
11342
11342
11346
11372
11398
11397
11385
11370
11385
11396
11402
11421
11446
11477
11485
11493
11508
11544
11580
11616
11632
11655
11685
11736
11775
11821
11848
11879
11892
11925
11963
11997
12002
12009
12010
12017
12006
11993
12007
12031
12068
12079
12096
12108
12120
12122
12119
12125
12135
12174
12202
12231
12217
12200
12183
12181
12171
12161
12155
12199
12244
12297
12310
12321
12327
12338
12352
12365
12371
12375
12377
12382
12386
12390
12400
12433
12466
12496
12501
12513
12521
12528
12529
12535
12546
12557
12568
12555
12530
12504
12529
12567
12601
12608
12584
12560
12536
12539
12572
12605
12640
12647
12652
12655
12652
12653
12665
12681
12693
12739
12789
12845
12858
12868
12873
12881
12894
12920
12953
12986
13010
13033
13056
13074
13098
13140
13180
13227
13254
13298
13326
13353
13368
13373
13351
13327
13308
13315
13321
13320
13318
13322
13332
13350
13360
13367
13365
13365
13372
13390
13405
13417
13425
13449
13474
13497
13513
13535
13572
13601
13642
13673
13710
13727
13732
13727
13724
13729
13765
13807
13848
13865
13883
13900
13948
13988
14024
14043
14055
14067
14067
14083
14080
14062
14052
14075
14104
14104
14077
14056
14059
14100
14147
14183
14200
14211
14223
14234
14245
14253
14254
14247
14241
14239
14249
14261
14260
14255
14257
14268
14280
14277
14285
14303
14317
14322
14317
14319
14338
14356
14373
14379
14377
14387
14400
14446
14476
14492
14484
14492
14502
14514
14522
14534
14557
14576
14595
14612
14630
14655
14683
14705
14722
14704
14690
14663
14662
14669
14687
14701
14712
14725
14741
14752
14761
14757
14759
14760
14789
14827
14882
14917
14940
14968
14998
15027
15032
15046
15079
15078
15081
15063
15083
15106
15134
15157
15176
15190
15214
15229
15244
15254
15265
15274
15288
15302
15319
15329
15337
15345
15355
15392
15429
15464
15468
15463
15478
15493
15523
15543
15556
15570
15597
15633
15655
15661
15665
15675
15676
15682
15683
15686
15678
15698
15715
15738
15751
15793
15828
15853
15853
15863
15880
15896
15909
15909
15916
15933
15948
15964
15970
15982
15963
15946
15930
15959
16007
16061
16094
16111
16123
16122
16117
16109
16113
16120
16132
16144
16156
16175
16195
16203
16201
16199
16205
16201
16199
16187
16185
16185
16180
16168
16157
16156
16160
16159
16164
16169
16178
16189
16201
16209
16217
16226
16252
16278
16306
16332
16351
16333
16299
16269
16270
16273
16266
16263
16261
16266
16293
16315
16348
16361
16387
16407
16429
16440
16450
16461
16472
16487
16506
16531
16570
16608
16643
16665
16686
16729
16766
16774
16761
16752
16764
16772
16776
16779
16803
16828
16862
16876
16875
16872
16868
16906
16935
16972
16990
17006
17012
17000
16990
16986
16994
17001
17011
17019
17031
17036
17062
17092
17122
17127
17128
17129
17134
17138
17142
17138
17162
17161
17170
17166
17187
17212
17216
17220
17217
17228
17241
17269
17277
17278
17262
17258
17259
17262
17267
17283
17297
17307
17318
17338
17368
17386
17411
17428
17453
17467
17481
17487
17490
17498
17503
17508
17503
17488
17473
17463
17457
17453
17449
17456
17457
17450
17443
17467
17500
17549
17581
17607
17627
17631
17651
17659
17681
17687
17691
17654
17618
17584
17580
17581
17585
17588
17591
17596
17624
17644
17663
17666
17680
17693
17722
17748
17772
17757
17742
17731
17738
17752
17762
17778
17787
17796
17812
17827
17843
17842
17852
17867
17888
17902
17904
17911
17914
17924
17930
17940
17954
17967
17977
17988
18001
18013
18022
18029
18037
18026
18033
18053
18106
18122
18124
18113
18125
18137
18145
18152
18178
18203
18226
18198
18178
18159
18173
18179
18183
18196
18216
18240
18255
18270
18281
18291
18294
18293
18305
18318
18335
18337
18336
18355
18358
18365
18360
18369
18379
18391
18412
18440
18456
18464
18460
18458
18462
18474
18497
18526
18549
18561
18565
18570
18567
18567
18566
18573
18574
18581
18589
18611
18627
18649
18678
18700
18724
18738
18759
18769
18770
18771
18774
18801
18828
18855
18861
18867
18868
18872
18879
18903
18910
18921
18922
18936
18945
18956
18966
18982
18982
18979
18968
18979
18992
19001
19010
19019
19035
19044
19058
19071
19081
19090
19110
19143
19188
19218
19233
19247
19280
19325
19360
19386
19380
19375
19360
19375
19382
19395
19405
19420
19429
19429
19424
19415
19415
19418
19451
19490
19530
19546
19551
19548
19546
19547
19549
19565
19583
19606
19606
19614
19629
19652
19667
19673
19681
19672
19676
19673
19679
19678
19683
19688
19690
19689
19695
19703
19713
19717
19728
19746
19769
19773
19771
19766
19760
19754
19757
19768
19801
19835
19897
19938
19978
19992
20015
20043
20057
20062
20058
20084
20119
20150
20165
20166
20194
20230
20269
20278
20279
20288
20301
20321
20326
20336
20330
20333
20329
20332
20341
20350
20365
20375
20390
20412
20432
20443
20443
20450
20444
20435
20416
20414
20415
20418
20414
20411
20410
20416
20412
20418
20443
20502
20536
20560
20559
20578
20589
20608
20620
20640
20653
20671
20680
20691
20697
20682
20656
20628
20623
20632
20647
20669
20685
20707
20722
20757
20779
20805
20811
20822
20851
20885
20920
20927
20909
20902
20880
20900
20912
20939
20949
20953
20961
20964
20969
20984
20999
21012
21013
21020
21032
21047
21066
21082
21100
21113
21133
21154
21173
21196
21216
21234
21251
21267
21282
21296
21308
21322
21325
21330
21333
21336
21341
21346
21352
21354
21356
21357
21361
21376
21401
21421
21461
21491
21534
21549
21564
21570
21595
21633
21678
21716
21755
21815
21865
21901
21927
21946
21966
21971
21981
21991
22001
22004
22014
22021
22039
22057
22082
22111
22134
22150
22153
22158
22166
22176
22182
22192
22223
22258
22286
22294
22305
22314
22305
22291
22270
22276
22281
22298
22305
22323
22338
22358
22385
22419
22452
22471
22489
22503
22515
22521
22502
22484
22476
22493
22509
22520
22531
22539
22542
22542
22556
22586
22627
22662
22686
22702
22712
22717
22733
22749
22780
22812
22843
22859
22865
22890
22927
22972
22999
23011
23013
23019
23029
23050
23084
23128
23166
23190
23203
23219
23242
15505
7759