Seed 1: 79(14)                                                                                                                    

Conversion 1:
    In:                                                                                                                         79, 80, 81, 82, 83, 84, 85, 86, 87, 88, 89, 90, 91, 92
    Map:    50, 51, 52, 53, 54, 55, 56, 57, 58, 59, 60, 61, 62, 63, 64, 65, 66, 67, 68, 69, 70, 71, 72, 73, 74, 75, 76, 77, 78, 79, 80, 81, 82, 83, 84, 85, 86, 87, 88, 89, 90, 91, 92, 93, 94, 95, 96, 97
    Map:                                                                                                                                                                                                    98, 99

Conversion 2: 
    In:                                                                                                                                                                 81, 82, 83, 84, 85, 86, 87, 88, 89, 90, 91, 92, 93, 94
    Map:    15, 16, 17, 18, 19, 20, 21, 22, 23, 24, 25, 26, 27, 28, 29, 30, 31, 32, 33, 34, 35, 36, 37, 38, 39, 40, 41, 42, 43, 44, 45, 46, 47, 48, 49, 50, 51
    Map:    52, 53
    Map:    0, 1, 2, 3, 4, 5, 6, 7, 8, 9, 10, 11, 12, 13, 14

Conversion 3:    
    In:                                                                                                                                                                                                             81, 82, 83, 84, 85, 86, 87, 88, 89, 90, 91, 92, 93, 94
    Map:                                                                                                                                                                            53, 54, 55, 56, 57, 58, 59, 60
    Map:                                    11, 12, 13, 14, 15, 16, 17, 18, 19, 20, 21, 22, 23, 24, 25, 26, 27, 28, 29, 30, 31, 32, 33, 34, 35, 36, 37, 38, 39, 40, 41, 42, 43, 44, 45, 46, 47, 48, 49, 50, 51, 52
    Map:    0, 1, 2, 3, 4, 5, 6
    Map:                        7, 8, 9, 10

Conversion 4:    
In:                                                                                                                                                                                                                                                                     81, 82, 83, 84, 85, 86, 87, 88, 89, 90, 91, 92, 93, 94
    Map:    18, 19, 20, 21, 22, 23, 24
+18 Map:                                25, 26, 27, 28, 29, 30, 31, 32, 33, 34, 35, 36, 37, 38, 39, 40, 41, 42, 43, 44, 45, 46, 47, 48, 49, 50, 51, 52, 53, 54, 55, 56, 57, 58, 59, 60, 61, 62, 63, 64, 65, 66, 67, 68, 69, 70, 71, 72, 73, 74, 75, 76, 77, 78, 79, 80, 81, 82, 83, 84, 85, 86, 87, 88, 89, 90, 91, 92, 93, 94
    Out:                                                                                                                                                                                                                                                                74, 75, 76, 77, 78, 79, 80, 81, 82, 83, 84, 85, 86, 87

Conversion 5:
    In:                                                                                                                         74, 75, 76, 77, 78, 79, 80, 81, 82, 83, 84, 85, 86, 87
+45 Map:                                                                                                                                    77, 78, 79, 80, 81, 82, 83, 84, 85, 86, 87, 88, 89, 90, 91, 92, 93, 94, 95, 96, 97, 98, 99
    Map:    45, 46, 47, 48, 49, 50, 51, 52, 53, 54, 55, 56, 57, 58, 59, 60, 61, 62, 63
+68 Map:                                                                                64, 65, 66, 67, 68, 69, 70, 71, 72, 73, 74, 75, 76
    Out:                                                                                                                        78, 79, 80, 
    Out:                                                                                                                                    45, 46, 47, 48, 49, 50, 51, 52, 53, 54, 55

Conversion 6:    
    In:                                                                                                                                                                                                                                                                                  78, 79, 80
    In:                                                                                                                                                                               45, 46, 47, 48, 49, 50, 51, 52, 53, 54, 55
    Map:                                                                                                                                                                                                                                                                            69
+1  Map:    0, 1, 2, 3, 4, 5, 6, 7, 8, 9, 10, 11, 12, 13, 14, 15, 16, 17, 18, 19, 20, 21, 22, 23, 24, 25, 26, 27, 28, 29, 30, 31, 32, 33, 34, 35, 36, 37, 38, 39, 40, 41, 42, 43, 44, 45, 46, 47, 48, 49, 50, 51, 52, 53, 54, 55, 56, 57, 58, 59, 60, 61, 62, 63, 64, 65, 66, 67, 68
    Out:                                                                                                                                                                                                                                                                                 78, 79, 80
    Out:                                                                                                                                                                              46, 47, 48, 49, 50, 51, 52, 53, 54, 55, 56

Conversion 7:    
    In:                                                                                                                                     78, 79, 80
    In:     46, 47, 48, 49, 50, 51, 52, 53, 54, 55, 56
+60 Map:                                            56, 57, 58, 59, 60, 61, 62, 63, 64, 65, 66, 67, 68, 69, 70, 71, 72, 73, 74, 75, 76, 77, 78, 79, 80, 81, 82, 83, 84, 85, 86, 87, 88, 89, 90, 91, 92
    Out:    46, 47, 48, 49, 50, 51, 52, 53, 54, 55
                                                    60
                                                                                                                                            82, 83, 84
     